# table produced by DamageProfiler
# using mapped file mapping_w_length_filtering/CandidatusRokubacteria_H228_contigs_minL30.bam
# Sample ID: CandidatusRokubacteria_H228_contigs_minL30.bam
Pos	C>T	G>A	A>C	A>G	A>T	C>A	C>G	G>C	G>T	T>A	T>C	T>G	->ACGT	ACGT>-
24	0.001769	0.002525	0.000808	0.000269	0.000000	0.000804	0.004664	0.000316	0.001263	0.000773	0.000258	0.000000	0.000000	0.000000
23	0.001852	0.001103	0.001333	0.000800	0.000000	0.000617	0.000154	0.000315	0.000630	0.000561	0.003364	0.001402	0.000000	0.000000
22	0.001107	0.001629	0.000536	0.002679	0.000268	0.001897	0.000000	0.003585	0.000163	0.000506	0.000253	0.000506	0.000000	0.000000
21	0.000315	0.002067	0.001666	0.000278	0.000278	0.000787	0.001417	0.000954	0.000318	0.000512	0.001792	0.000256	0.000000	0.000000
20	0.000299	0.002005	0.000000	0.001807	0.000301	0.001943	0.000000	0.001234	0.000463	0.001642	0.000821	0.005475	0.000000	0.000000
19	0.000961	0.003668	0.001521	0.000761	0.000761	0.001281	0.000320	0.001116	0.000000	0.000271	0.000542	0.002440	0.000000	0.000000
18	0.002307	0.001289	0.001643	0.001369	0.000274	0.000461	0.000308	0.000322	0.002256	0.001320	0.001320	0.000264	0.000000	0.000000
17	0.000462	0.000313	0.003991	0.000285	0.000000	0.001541	0.000154	0.000469	0.000156	0.000533	0.002132	0.001332	0.000000	0.000000
16	0.001103	0.002928	0.004703	0.002490	0.000000	0.001260	0.001260	0.000616	0.000924	0.000812	0.000541	0.000541	0.000000	0.000000
15	0.001672	0.003569	0.001308	0.001046	0.000262	0.000836	0.000167	0.000162	0.000324	0.001196	0.000718	0.000479	0.000050	0.000000
14	0.004282	0.000000	0.002455	0.000000	0.001091	0.001223	0.000153	0.000484	0.002419	0.001870	0.002672	0.000801	0.000000	0.000000
13	0.003189	0.004635	0.001620	0.005401	0.000000	0.001116	0.000159	0.000449	0.000299	0.001434	0.000574	0.000287	0.000000	0.000000
12	0.003263	0.004029	0.000814	0.006240	0.000271	0.001865	0.000000	0.000000	0.001773	0.002094	0.003926	0.000523	0.000000	0.000000
11	0.001668	0.003957	0.001657	0.002485	0.000000	0.000667	0.001001	0.001758	0.000293	0.000270	0.000000	0.001079	0.000000	0.000000
10	0.002833	0.008183	0.001475	0.000590	0.000590	0.001889	0.000315	0.000455	0.001364	0.001051	0.001576	0.002365	0.000000	0.000000
9	0.000621	0.007533	0.001835	0.001573	0.000000	0.001087	0.000621	0.001603	0.000641	0.001369	0.001369	0.000274	0.000149	0.000000
8	0.004148	0.012013	0.001705	0.003694	0.000000	0.000957	0.002712	0.001848	0.002002	0.003628	0.001814	0.000518	0.000447	0.000000
7	0.002774	0.015673	0.001361	0.000544	0.000000	0.001958	0.000653	0.001616	0.000808	0.000723	0.004098	0.001446	0.000447	0.000000
6	0.001106	0.021360	0.001060	0.003710	0.000265	0.001106	0.001264	0.000489	0.000489	0.001025	0.005637	0.000769	0.000447	0.000000
5	0.002332	0.043642	0.002081	0.001784	0.000000	0.001554	0.004353	0.001413	0.000000	0.001260	0.003528	0.001764	0.000397	0.000000
4	0.001291	0.049502	0.000772	0.002830	0.000000	0.001291	0.000968	0.001827	0.000332	0.000992	0.003472	0.000000	0.000646	0.000000
3	0.003538	0.066537	0.001610	0.003221	0.001342	0.001061	0.002300	0.000000	0.000323	0.001530	0.001093	0.000874	0.000050	0.000000
2	0.001950	0.100939	0.000537	0.001879	0.001342	0.000813	0.000163	0.000000	0.001114	0.000000	0.002508	0.003009	0.000000	0.000000
1	0.004620	0.158500	0.000452	0.006332	0.000226	0.001078	0.003234	0.002123	0.000000	0.000000	0.001955	0.001955	0.000000	0.000000
0	0.002423	0.300117	0.000000	0.003547	0.000000	0.001118	0.002237	0.001429	0.000909	0.002338	0.001754	0.000000	0.000000	0.000000
