# table produced by DamageProfiler
# using mapped file mapping_wo_length_filtering/CandidatusRokubacteria_H228_contigs.bam
# Sample ID: CandidatusRokubacteria_H228_contigs.bam
Pos	C>T	G>A	A>C	A>G	A>T	C>A	C>G	G>C	G>T	T>A	T>C	T>G	->ACGT	ACGT>-
24	0.003298	0.002471	0.000785	0.000262	0.000000	0.000785	0.004868	0.000463	0.001236	0.000755	0.000252	0.000000	0.000000	0.000000
23	0.003746	0.001231	0.001291	0.000775	0.000000	0.000599	0.000150	0.000308	0.000616	0.000546	0.003278	0.001366	0.000000	0.000000
22	0.001990	0.001744	0.000777	0.002590	0.000259	0.001990	0.000000	0.003487	0.000317	0.000491	0.000491	0.000491	0.000000	0.000000
21	0.001215	0.002151	0.001616	0.000269	0.000269	0.000911	0.001366	0.001075	0.000307	0.000495	0.001733	0.000248	0.000000	0.000000
20	0.000720	0.002089	0.000288	0.001725	0.000575	0.002161	0.000144	0.001492	0.000448	0.001579	0.000789	0.005262	0.000000	0.000000
19	0.002155	0.003523	0.001456	0.000728	0.000728	0.001385	0.000462	0.001379	0.000766	0.000520	0.000520	0.002862	0.000000	0.000000
18	0.003239	0.001235	0.001557	0.001298	0.000519	0.000589	0.000442	0.000309	0.002161	0.001261	0.001261	0.000252	0.000000	0.000000
17	0.001758	0.000297	0.004620	0.000272	0.000000	0.001904	0.000293	0.000743	0.000446	0.001008	0.002268	0.001512	0.000000	0.000000
16	0.002212	0.003330	0.004690	0.002606	0.000000	0.002065	0.001475	0.000869	0.001448	0.001020	0.000765	0.000510	0.000000	0.000000
15	0.003172	0.003549	0.001935	0.001451	0.000726	0.001964	0.001813	0.000994	0.048119	0.002637	0.001538	0.001319	0.000045	0.000000
14	0.006537	0.001283	0.005783	0.002651	0.002651	0.002615	0.002745	0.002566	0.120233	0.003604	0.012162	0.005856	0.000000	0.000000
13	0.006623	0.006141	0.007344	0.011120	0.004196	0.004525	0.004636	0.007197	0.025429	0.004541	0.021617	0.005813	0.000034	0.000000
12	0.010016	0.010980	0.015710	0.018916	0.011222	0.007672	0.010371	0.013502	0.018251	0.006292	0.052150	0.009248	0.000023	0.000000
11	0.015225	0.013173	0.026230	0.023072	0.019388	0.011861	0.015544	0.023295	0.018048	0.018119	0.030321	0.022138	0.000000	0.000000
10	0.017942	0.017493	0.034623	0.028056	0.026226	0.015159	0.018191	0.022712	0.134039	0.020207	0.028219	0.024294	0.000000	0.000000
9	0.023230	0.029207	0.029526	0.023791	0.027210	0.020834	0.020942	0.027047	0.026839	0.021385	0.024087	0.018593	0.000011	0.000000
8	0.020343	0.024028	0.027146	0.025190	0.024795	0.021464	0.050912	0.025672	0.021093	0.022778	0.022612	0.021166	0.000026	0.000000
7	0.021747	0.022007	0.027096	0.026000	0.023339	0.023600	0.035429	0.022884	0.019095	0.021282	0.024246	0.021695	0.000029	0.000000
6	0.019239	0.024298	0.026327	0.029642	0.023546	0.022767	0.025387	0.026662	0.019264	0.021858	0.022379	0.024358	0.000026	0.000000
5	0.021325	0.027432	0.026943	0.101173	0.023023	0.022790	0.027315	0.025199	0.020443	0.024400	0.025570	0.047183	0.000031	0.000000
4	0.018557	0.027584	0.028685	0.051705	0.022461	0.021910	0.057704	0.025686	0.020540	0.033609	0.031688	0.032905	0.000052	0.000000
3	0.021205	0.024581	0.025581	0.024232	0.023457	0.023800	0.042858	0.023927	0.018209	0.025024	0.025171	0.023526	0.000003	0.000000
2	0.020884	0.026572	0.023881	0.021945	0.018886	0.022358	0.023195	0.025429	0.019676	0.022610	0.025328	0.023631	0.000000	0.000000
1	0.019039	0.032274	0.028043	0.024658	0.022266	0.021445	0.020226	0.028114	0.020405	0.023950	0.027498	0.022271	0.000000	0.000000
0	0.016862	0.040470	0.035636	0.034498	0.026804	0.018181	0.021066	0.026368	0.018351	0.025296	0.042488	0.028749	0.000000	0.000000
