# table produced by DamageProfiler
# using mapped file mapping_w_length_filtering/CandidatusRokubacteria_H228_contigs_minL30.bam
# Sample ID: CandidatusRokubacteria_H228_contigs_minL30.bam
Pos	C>T	G>A	A>C	A>G	A>T	C>A	C>G	G>C	G>T	T>A	T>C	T>G	->ACGT	ACGT>-
0	0.315626	0.004797	0.000595	0.002083	0.002083	0.001809	0.001292	0.003454	0.002494	0.000261	0.002866	0.000261	0.000000	0.000000
1	0.169763	0.004100	0.002695	0.002096	0.000000	0.000170	0.001704	0.004257	0.002996	0.000000	0.005871	0.000000	0.000000	0.000000
2	0.109365	0.001794	0.003944	0.004470	0.000263	0.001270	0.000000	0.002610	0.000816	0.001277	0.002554	0.000000	0.000000	0.000000
3	0.068233	0.003251	0.001317	0.001536	0.003072	0.000644	0.000322	0.005238	0.001806	0.001823	0.005991	0.001563	0.000050	0.000000
4	0.050413	0.002125	0.000251	0.003511	0.000752	0.001621	0.001945	0.001471	0.002288	0.000519	0.002336	0.000260	0.000099	0.000000
5	0.044760	0.001837	0.004417	0.003118	0.000260	0.001734	0.001261	0.006428	0.001377	0.001473	0.000884	0.001768	0.000895	0.000000
6	0.023020	0.001286	0.000517	0.004398	0.000259	0.001771	0.000644	0.000964	0.001768	0.001047	0.004451	0.000786	0.000199	0.000000
7	0.018554	0.002769	0.002217	0.005174	0.000246	0.001440	0.002079	0.000326	0.000326	0.000547	0.000547	0.000547	0.000547	0.000000
8	0.013229	0.004312	0.002041	0.001531	0.002552	0.003692	0.001384	0.003354	0.000160	0.000875	0.002334	0.000000	0.001044	0.000000
9	0.007146	0.000934	0.000533	0.001333	0.000800	0.001462	0.000975	0.003270	0.000467	0.001318	0.001054	0.000791	0.000000	0.000000
10	0.007595	0.002788	0.001836	0.001311	0.000525	0.000911	0.000456	0.000929	0.000620	0.001223	0.000000	0.000306	0.000646	0.000000
11	0.003776	0.003667	0.000547	0.001094	0.000000	0.001307	0.001743	0.001333	0.000000	0.001400	0.002800	0.000280	0.001094	0.000000
12	0.003555	0.003277	0.000518	0.004922	0.000000	0.002908	0.000162	0.000312	0.000156	0.001090	0.007359	0.000273	0.000000	0.000000
13	0.003989	0.002407	0.002892	0.000868	0.001735	0.001921	0.000148	0.000481	0.000321	0.000818	0.007092	0.000273	0.000497	0.000000
14	0.000318	0.004416	0.000542	0.002439	0.000542	0.004605	0.000159	0.000000	0.001066	0.001681	0.000000	0.001401	0.000000	0.000000
15	0.004187	0.001016	0.000713	0.000950	0.000000	0.001772	0.000000	0.000846	0.000339	0.000787	0.000262	0.001050	0.000000	0.000000
16	0.003086	0.001407	0.000831	0.000277	0.000277	0.001235	0.000309	0.000469	0.000156	0.000546	0.002186	0.003279	0.000000	0.000000
17	0.001689	0.000310	0.001835	0.002884	0.000262	0.001535	0.000154	0.000310	0.000155	0.000593	0.000296	0.001186	0.000000	0.000000
18	0.002835	0.001690	0.002330	0.000777	0.000000	0.003502	0.000667	0.000615	0.000000	0.001058	0.001058	0.000793	0.000000	0.000000
19	0.003651	0.000957	0.001368	0.000821	0.000000	0.001111	0.000159	0.000159	0.000638	0.001530	0.000255	0.000765	0.000000	0.000000
20	0.001538	0.000301	0.005933	0.000539	0.000270	0.001692	0.000615	0.000452	0.000301	0.001213	0.001213	0.000910	0.000000	0.000000
21	0.000800	0.000466	0.000781	0.002342	0.000260	0.000800	0.001120	0.001088	0.000311	0.001932	0.000000	0.000000	0.000000	0.000000
22	0.000645	0.000479	0.001019	0.000509	0.000509	0.001291	0.004356	0.000319	0.000957	0.001065	0.003461	0.000532	0.000000	0.000000
23	0.000962	0.002454	0.001945	0.003056	0.000556	0.002083	0.000160	0.000460	0.000153	0.000264	0.001055	0.000000	0.000000	0.000000
24	0.002983	0.002108	0.000518	0.000777	0.000259	0.002669	0.000157	0.004054	0.000324	0.000266	0.001066	0.000266	0.000000	0.000000
