# table produced by DamageProfiler
# using mapped file mapping_wo_length_filtering/CandidatusRokubacteria_H228_contigs.bam
# Sample ID: CandidatusRokubacteria_H228_contigs.bam
Pos	C>T	G>A	A>C	A>G	A>T	C>A	C>G	G>C	G>T	T>A	T>C	T>G	->ACGT	ACGT>-
0	0.043375	0.028680	0.033543	0.026529	0.030265	0.019046	0.018872	0.027925	0.110060	0.024168	0.038881	0.022201	0.000000	0.000000
1	0.033726	0.021397	0.028025	0.024594	0.025407	0.022755	0.033352	0.024317	0.019660	0.021882	0.024507	0.019921	0.000000	0.000000
2	0.025598	0.023621	0.026637	0.023523	0.024358	0.021333	0.050252	0.025097	0.021557	0.022118	0.023676	0.022632	0.000000	0.000000
3	0.024796	0.021703	0.025215	0.028131	0.023591	0.023728	0.025950	0.025734	0.018682	0.021835	0.021983	0.022756	0.000006	0.000000
4	0.023557	0.024933	0.027482	0.051388	0.023427	0.023347	0.027181	0.025075	0.020524	0.023825	0.024739	0.044678	0.000006	0.000000
5	0.023680	0.024321	0.028112	0.102002	0.022202	0.023979	0.039311	0.025140	0.019448	0.026569	0.025629	0.028386	0.000054	0.000000
6	0.019327	0.024802	0.026803	0.027801	0.022689	0.020920	0.061189	0.025466	0.020689	0.026879	0.028396	0.026703	0.000014	0.000000
7	0.020134	0.020002	0.028393	0.024980	0.023256	0.022192	0.023322	0.023377	0.018393	0.023708	0.025095	0.023886	0.000034	0.000000
8	0.021052	0.022538	0.023834	0.022541	0.019733	0.022796	0.022743	0.027681	0.018989	0.024658	0.028075	0.024021	0.000063	0.000000
9	0.019092	0.020817	0.030686	0.026972	0.023477	0.020773	0.020389	0.026784	0.019789	0.022874	0.034961	0.023436	0.000006	0.000000
10	0.013503	0.016925	0.029121	0.026691	0.019680	0.012748	0.017279	0.025438	0.014665	0.025374	0.036874	0.031315	0.000068	0.000000
11	0.012156	0.015135	0.030842	0.025054	0.018920	0.011267	0.020125	0.022018	0.012788	0.013529	0.021072	0.019638	0.000274	0.000000
12	0.006616	0.009401	0.019151	0.028496	0.014767	0.010136	0.010015	0.013944	0.006737	0.011491	0.018416	0.014167	0.000000	0.000000
13	0.005473	0.006549	0.016814	0.018538	0.005605	0.005783	0.007332	0.006549	0.003676	0.003283	0.008356	0.002984	0.000336	0.000000
14	0.002167	0.004970	0.009443	0.017273	0.005067	0.005018	0.002167	0.002223	0.002616	0.003718	0.002727	0.002727	0.000000	0.000000
15	0.003957	0.001845	0.001968	0.003279	0.001968	0.004250	0.001465	0.002460	0.000615	0.001577	0.000901	0.002028	0.000000	0.000000
16	0.003316	0.001477	0.001036	0.000777	0.000518	0.001586	0.000721	0.000739	0.000443	0.001289	0.002836	0.003609	0.000000	0.000000
17	0.001601	0.000590	0.001997	0.003244	0.002745	0.001892	0.000437	0.000443	0.000148	0.001407	0.000281	0.001125	0.000000	0.000000
18	0.002705	0.002343	0.002726	0.000743	0.000248	0.003342	0.000796	0.000732	0.000000	0.001523	0.001269	0.000762	0.000000	0.000000
19	0.003652	0.001229	0.001825	0.001043	0.000000	0.001217	0.000152	0.000307	0.000768	0.001718	0.000245	0.000736	0.000000	0.000000
20	0.001480	0.000582	0.005716	0.001039	0.000260	0.001627	0.000592	0.000582	0.000291	0.001453	0.001163	0.000872	0.000000	0.000000
21	0.000926	0.001053	0.000755	0.002266	0.000252	0.000772	0.001081	0.001204	0.000301	0.001864	0.000000	0.000000	0.000000	0.000000
22	0.000626	0.000621	0.000984	0.000984	0.000492	0.001408	0.004223	0.000310	0.001087	0.001288	0.003349	0.000515	0.000000	0.000000
23	0.000937	0.003287	0.001892	0.002973	0.000541	0.002186	0.000156	0.000448	0.000149	0.000256	0.001023	0.000000	0.000000	0.000000
24	0.002916	0.002858	0.000505	0.001010	0.000252	0.002763	0.000153	0.003970	0.000476	0.000259	0.001036	0.000259	0.000000	0.000000
