# table produced by DamageProfiler
# using mapped file KDR001.B0101.lengthfilter25bp.bam
# Sample ID: KDR001.B0101.lengthfilter25bp.bam
Pos	C>T	G>A	A>C	A>G	A>T	C>A	C>G	G>C	G>T	T>A	T>C	T>G	->ACGT	ACGT>-
0	0.158626	0.012576	0.017535	0.010909	0.026419	0.007128	0.005876	0.023222	0.032479	0.004304	0.007475	0.003576	0.000000	0.000000
1	0.117530	0.008561	0.013175	0.016756	0.013549	0.008339	0.014666	0.010860	0.010739	0.007017	0.009888	0.010455	0.000085	0.000000
2	0.098400	0.009267	0.013993	0.014656	0.014874	0.008580	0.011980	0.013906	0.013514	0.007140	0.010683	0.008844	0.000233	0.000000
3	0.103661	0.009003	0.014474	0.015301	0.014833	0.007198	0.011243	0.013741	0.012647	0.006339	0.010758	0.008505	0.000722	0.000000
4	0.092606	0.007998	0.017586	0.016374	0.015172	0.006471	0.011501	0.013114	0.011627	0.005497	0.012340	0.008724	0.003132	0.000000
5	0.098441	0.007848	0.014193	0.018717	0.015908	0.007984	0.015260	0.011439	0.012112	0.006048	0.009732	0.010488	0.003746	0.000000
6	0.089513	0.008601	0.015336	0.014802	0.014933	0.007878	0.010916	0.013150	0.011947	0.006545	0.010983	0.008781	0.003529	0.000000
7	0.088246	0.007155	0.014535	0.016965	0.014074	0.006947	0.011331	0.011756	0.010592	0.006406	0.011624	0.009884	0.003284	0.000000
8	0.092003	0.008485	0.014187	0.015606	0.014434	0.008257	0.011240	0.012188	0.012154	0.006871	0.011089	0.008873	0.003339	0.000000
9	0.085870	0.008046	0.014789	0.014779	0.014752	0.007373	0.010314	0.013384	0.011639	0.006460	0.011241	0.009140	0.003386	0.000000
10	0.084049	0.007923	0.016849	0.015917	0.014879	0.007114	0.010928	0.013440	0.012160	0.005770	0.011764	0.008454	0.003340	0.000000
11	0.086530	0.008364	0.014646	0.017218	0.014525	0.007710	0.012829	0.012063	0.011388	0.007219	0.010987	0.009585	0.003379	0.000000
12	0.087616	0.007846	0.014802	0.015886	0.014504	0.008074	0.011646	0.012720	0.011501	0.006494	0.011577	0.009089	0.003381	0.000000
13	0.085789	0.008003	0.016481	0.016509	0.015144	0.007297	0.011667	0.013526	0.011415	0.006803	0.011777	0.009436	0.003600	0.000000
14	0.085777	0.007948	0.015764	0.016966	0.014872	0.007839	0.012211	0.014151	0.011111	0.006639	0.011888	0.010088	0.003459	0.000000
15	0.085871	0.007671	0.015973	0.016668	0.014193	0.007803	0.011511	0.013482	0.011881	0.006323	0.011856	0.010172	0.003576	0.000000
16	0.086717	0.007649	0.015653	0.017147	0.014579	0.007768	0.012367	0.013626	0.011050	0.006615	0.011167	0.010237	0.003522	0.000000
17	0.087249	0.008093	0.013968	0.015882	0.014122	0.008210	0.011827	0.011825	0.011334	0.006785	0.011190	0.009742	0.003471	0.000000
18	0.086700	0.008763	0.014823	0.015466	0.014090	0.007577	0.011100	0.013689	0.011838	0.006405	0.010910	0.008776	0.003364	0.000000
19	0.088237	0.008096	0.016439	0.016457	0.014125	0.007977	0.011486	0.013805	0.010910	0.006918	0.012276	0.009587	0.002880	0.000000
20	0.089266	0.008663	0.014790	0.016994	0.013383	0.008854	0.013961	0.012451	0.011939	0.007201	0.011107	0.010622	0.001445	0.000000
21	0.088506	0.009761	0.014365	0.015636	0.013405	0.009074	0.012524	0.012938	0.011317	0.007756	0.011683	0.010122	0.000563	0.000000
22	0.090283	0.008618	0.014277	0.017338	0.013705	0.009063	0.014171	0.011245	0.011168	0.007256	0.011879	0.011674	0.000243	0.000000
23	0.094233	0.009469	0.012726	0.017348	0.013647	0.009546	0.014266	0.012411	0.011772	0.007764	0.010745	0.010995	0.000139	0.000000
24	0.099788	0.009011	0.014889	0.014157	0.017427	0.007360	0.009629	0.013937	0.014917	0.006602	0.010347	0.007856	0.000047	0.000000
